# Wing spanwise chord raw data
# series 1: series_1
# normalized_span chord
0.001 0.9814009720793404
0.052 0.9814009720793404
0.103 0.9814009720793404
0.154 0.9814009720793404
0.205 0.9814009720793404
0.256 0.9814009720793404
0.307 0.9814009720793404
0.358 0.9814009720793404
0.409 0.9814009720793404
0.45999999999999996 0.9814009720793404
0.511 0.9814009720793404
0.5619999999999999 0.9814009720793404
0.613 0.9814009720793404
0.6639999999999999 0.9814009720793404
0.715 0.9814009720793404
0.7659999999999999 0.9814009720793404
0.817 0.9814009720793404
0.868 0.9814009720793404
0.9189999999999999 0.9814009720793404
0.97 0.9814009720793404
