# Wing spanwise max_thickness_over_chord raw data
# series 1: series_1
# normalized_span max_thickness_over_chord
0.001 0.12127567849133063
0.052 0.12127567849133063
0.103 0.12127567849133063
0.154 0.12127567849133063
0.205 0.12127567849133063
0.256 0.12127567849133063
0.307 0.12127567849133063
0.358 0.12127567849133063
0.409 0.12127567849133063
0.45999999999999996 0.12127567849133063
0.511 0.12127567849133063
0.5619999999999999 0.12127567849133063
0.613 0.12127567849133063
0.6639999999999999 0.12127567849133063
0.715 0.12127567849133063
0.7659999999999999 0.12127567849133063
0.817 0.12127567849133063
0.868 0.12127567849133063
0.9189999999999999 0.12127567849133063
0.97 0.12127567849133063
