# Wing pressure-profile raw data at span_50%
# ordered_surface_path: true
# do_not_sort_by: x_over_c
# row_order: use rows exactly as written for plotting and overlays
# profile 1: profile_1
# point_order x_over_c z_over_c cp
0 0.9912723898887634 -0.0003410774515941739 0.22159266700347385
1 0.9913141131401062 -1.233475277473417e-08 0.22446140229263847
2 0.9912724494934082 0.0003410527715459466 0.22364875714246557
3 0.9911537170410156 0.0006534330314025283 0.2181511637470187
4 0.9909674525260925 0.0009262160747312009 0.204093871284841
5 0.9907231330871582 0.0011484897695481777 0.18624872228684225
6 0.9904301762580872 0.0013093416346237063 0.17874399327952256
7 0.9900981783866882 0.0013978594215586782 0.18646534606934315
8 0.987450897693634 0.0017674369737505913 0.19180016566211983
9 0.9841899275779724 0.0022210790775716305 0.1864078244999785
10 0.9801785349845886 0.002776697976514697 0.1779974367409601
11 0.9752522110939026 0.0034554062876850367 0.16733391687129662
12 0.9692147374153137 0.004281776025891304 0.1546987534219215
13 0.9618341326713562 0.005283948499709368 0.13995609758007985
14 0.9528393745422363 0.006493481807410717 0.12298111530161866
15 0.9419185519218445 0.007944812998175621 0.10367344980594428
16 0.9287195801734924 0.009674156084656715 0.08199393747136162
17 0.9128550291061401 0.011717678047716618 0.05798418964592171
18 0.8939126133918762 0.014108819887042046 0.03173599606797239
19 0.8714734315872192 0.016874738037586212 0.0033313555704377325
20 0.8451402187347412 0.020031582564115524 -0.027145285287402243
21 0.8145748972892761 0.02357734553515911 -0.059647419704784634
22 0.7795469164848328 0.027487168088555336 -0.09425215106192163
23 0.7399864792823792 0.031706396490335464 -0.1312324008475008
24 0.6960368156433105 0.036145828664302826 -0.17109484841720227
25 0.648094892501831 0.04067801684141159 -0.21429966632594322
26 0.5968285202980042 0.04513842239975929 -0.261255624875166
27 0.5431601405143738 0.04933164268732071 -0.3123506886922876
28 0.48821303248405457 0.05304533243179321 -0.3678186156443004
29 0.4332238435745239 0.056071050465106964 -0.4276190182463315
30 0.37943553924560547 0.05822977051138878 -0.4913761705027435
31 0.32798922061920166 0.05939589813351631 -0.5584365294765
32 0.279834508895874 0.05951418727636337 -0.6280339568181909
33 0.23567147552967072 0.058606673032045364 -0.6993741653253128
34 0.19593070447444916 0.056758929044008255 -0.7718134029662529
35 0.1607859879732132 0.05410963296890259 -0.8451423891375781
36 0.13019302487373352 0.05082147940993309 -0.9194125260927631
37 0.10394053161144257 0.04706130549311638 -0.9952528795052854
38 0.08170341700315475 0.042985428124666214 -1.0736376444648097
39 0.06309392303228378 0.038723088800907135 -1.1551628423390083
40 0.04770231992006302 0.03437453880906105 -1.2398431594860169
41 0.03512714430689812 0.03001260757446289 -1.3258024136540054
42 0.024997014552354813 0.025686029344797134 -1.4049985999005248
43 0.016986988484859467 0.021423904225230217 -1.459423795424906
44 0.010814210399985313 0.01725858263671398 -1.4503023431594864
45 0.006257550325244665 0.013218089006841183 -1.3248110844798486
46 0.003110293298959732 0.009370195679366589 -1.0427093980942983
47 0.0011924037244170904 0.005809553898870945 -0.6294059074406966
48 0.0002443501725792885 0.0026595103554427624 -0.1710250882160579
49 0.0 0.0 0.26080034777296074
50 0.00024110219965223223 -0.0026599939446896315 0.6359193072738596
51 0.0011831847950816154 -0.005812034476548433 0.9041289227262582
52 0.003092770231887698 -0.009377074427902699 1.016971555461563
53 0.0062349834479391575 -0.013229068368673325 0.9935186653821001
54 0.010790049098432064 -0.017272403463721275 0.8793163206560692
55 0.016961412504315376 -0.021439410746097565 0.7276172558833552
56 0.024971943348646164 -0.02570151910185814 0.5780672948511588
57 0.03510298952460289 -0.03002689778804779 0.44359043271885623
58 0.047678787261247635 -0.03438771516084671 0.3270040025221373
59 0.06307142972946167 -0.03873395547270775 0.2275161647848547
60 0.08168205618858337 -0.042993176728487015 0.1436901041360701
61 0.10392016172409058 -0.04706602171063423 0.0739115450440395
62 0.13017404079437256 -0.05082167312502861 0.017021489079224093
63 0.16076809167861938 -0.05410632863640785 -0.027824529351176287
64 0.1959133744239807 -0.05675562843680382 -0.06154563149381804
65 0.23565518856048584 -0.058602213859558105 -0.08493365682484856
66 0.2798191010951996 -0.05951226130127907 -0.09899217315020425
67 0.327974796295166 -0.05939474701881409 -0.1050001174908651
68 0.37942227721214294 -0.058228954672813416 -0.1043367836484047
69 0.4332117438316345 -0.056070875376462936 -0.09857605966969404
70 0.48820212483406067 -0.053045593202114105 -0.08918780523147661
71 0.5431504249572754 -0.04933208227157593 -0.07740812214350336
72 0.5968199372291565 -0.04513902962207794 -0.0641989668636597
73 0.6480874419212341 -0.04067870229482651 -0.05021143460262632
74 0.6960303783416748 -0.03614645078778267 -0.03583838544053201
75 0.7399809956550598 -0.031706951558589935 -0.021316024970725198
76 0.7795422673225403 -0.02748768962919712 -0.006714113394350257
77 0.814570963382721 -0.023577801883220673 0.008018751542067605
78 0.8451368808746338 -0.02003197744488716 0.02286054030132491
79 0.8714706897735596 -0.01687508448958397 0.037713343829183954
80 0.8939103484153748 -0.014109116978943348 0.052424179228398336
81 0.9128531813621521 -0.01171792671084404 0.0668376158753657
82 0.928718090057373 -0.009674361906945705 0.08082270041004314
83 0.9419173002243042 -0.007944981567561626 0.09420074880844684
84 0.9528383612632751 -0.0064936187118291855 0.1067881815938811
85 0.9618332982063293 -0.005284058395773172 0.11840264315282822
86 0.9692140817642212 -0.004281864035874605 0.12889849376710963
87 0.9752516746520996 -0.0034554756712168455 0.1379024551674441
88 0.9801781177520752 -0.0027767526917159557 0.1450779649798895
89 0.9841896295547485 -0.002221121685579419 0.1490628634873639
90 0.9874506592750549 -0.0017674696864560246 0.14637158835900513
91 0.9900979995727539 -0.0013978842180222273 0.11425129925314977
92 0.9904299974441528 -0.0013093663146719337 0.08176752278343694
93 0.9907229542732239 -0.001148514449596405 0.10223908216136197
94 0.990967333316803 -0.0009262407547794282 0.15913648130524521
95 0.9911535978317261 -0.0006534577114507556 0.20539728556938036
96 0.9912723898887634 -0.0003410774515941739 0.22159266700347385
