# iter CM
0 -0.1844654168111263
10 0.1238231886293257
20 0.06545278640804264
30 0.0694067660612181
40 0.07427490302284201
50 0.07694861307023554
60 0.07851712072693423
70 0.07942931547876858
80 0.07982088682165578
90 0.0798419338492633
100 0.07947180075123661
110 0.07888805838848095
120 0.07844795457385495
130 0.07829051542189264
140 0.07829510960236008
150 0.07831729638296764
160 0.07831754126164203
170 0.07830942788540418
180 0.07830903847250775
190 0.0783169939406308
200 0.07832602427090962
210 0.07833074230478321
220 0.07833075292116465
230 0.07832819007742547
240 0.07832542483900018
250 0.0783230584821919
260 0.07832134235743166
270 0.07832008505665689
280 0.07831919641183377
290 0.07831859619827009
300 0.07831822478161904
310 0.07831801785027481
320 0.07831790048537218
330 0.07831781927829762
340 0.07831775037909522
350 0.0783176878686142
360 0.07831762850907231
370 0.07831757700941167
380 0.07831753114336826
390 0.07831749300184654
400 0.07831746128961198
410 0.07831743691949988
420 0.07831741795562303
430 0.07831740333313597
440 0.07831739265017451
450 0.07831738914654307
460 0.07831627964886628
470 0.07831675076767758
480 0.07834472650752256
490 0.07842737475491651
500 0.07847543426303222
510 0.07847293026043967
520 0.07845853614792464
530 0.07845638563640162
540 0.07846195931810379
550 0.07846622093956179
560 0.0784665493751705
570 0.07846416899040165
580 0.07846174858018945
590 0.07846032763457716
600 0.07845993098610221
610 0.078459960066398
620 0.07846001129585928
630 0.07846002532442381
640 0.07846005788927196
650 0.0784601207602682
660 0.07846018583185804
670 0.0784601965581403
680 0.07846046810688106
690 0.07846034992658907
700 0.0784535464097349
710 0.07843307454738196
720 0.07842104936899169
730 0.07842159458026066
740 0.07842536581886772
750 0.07842581248414887
760 0.07842440167936421
770 0.078423320724892
780 0.07842323019645586
790 0.07842379862696441
800 0.07842442541968808
810 0.07842478686032728
820 0.07842488500817396
830 0.07842487696440154
840 0.07842486561030915
850 0.07842488057764252
860 0.07842486678817617
870 0.07842485562695756
880 0.07842483993712446
890 0.07842482299849735
900 0.07842481092938769
910 0.0784248061741813
920 0.07842480612881542
930 0.07842480811229141
940 0.07842481014318642
950 0.07842481208120028
960 0.07842481297548554
