# iter CL
0 2.016400849657411
10 0.1796161802255665
20 0.3111209950970204
30 0.3578439577191894
40 0.3723180188659392
50 0.3760762695170548
60 0.3768379260846664
70 0.3770492116689377
80 0.3774972452518308
90 0.378690905555185
100 0.3811553066055322
110 0.3846980217707217
120 0.3882966570412105
130 0.3911610413637956
140 0.3931891491332506
150 0.3946811809711004
160 0.3958176560019395
170 0.3966967595315232
180 0.3973504314779674
190 0.3978228669535289
200 0.3981642955065074
210 0.3984215623787724
220 0.3986262187192915
230 0.398793304425006
240 0.3989278809235675
250 0.3990382990243875
260 0.3991265377157054
270 0.399197250534199
280 0.3992534500532321
290 0.399297661776739
300 0.3993323172215177
310 0.3993592179496461
320 0.3993800870448474
330 0.3993962938881865
340 0.3994089304941277
350 0.3994187926268307
360 0.3994265428797577
370 0.3994326331944471
380 0.3994374312144398
390 0.3994412145900155
400 0.3994442084074861
410 0.3994465606681956
420 0.3994484151119326
430 0.399449875462814
440 0.3994510306498331
450 0.3994513887107767
460 0.3994619446801337
470 0.3995378577465747
480 0.3998981004255688
490 0.4002441357096798
500 0.4002338587431871
510 0.400179864091925
520 0.4001800562756883
530 0.4001807739996446
540 0.4001663161941349
550 0.4001513642813694
560 0.4001450599281007
570 0.4001487157101975
580 0.4001568187021316
590 0.400165456516979
600 0.4001720569464884
610 0.4001766110828162
620 0.4001798462161199
630 0.4001821988201117
640 0.4001838164237037
650 0.4001848413801561
660 0.4001854679151493
670 0.4001855623350543
680 0.4001830957062238
690 0.4001654050571315
700 0.4000771982901496
710 0.3999906754614533
720 0.3999933188277534
730 0.4000069222051672
740 0.4000071806105172
750 0.400007175775434
760 0.4000109880596412
770 0.4000148866422641
780 0.4000165812208858
790 0.4000158446498538
800 0.4000138331011445
810 0.4000117186309808
820 0.4000101105902787
830 0.4000090063877948
840 0.400008360440216
850 0.4000081934461386
860 0.4000077298548776
870 0.4000073143379108
880 0.4000070501014181
890 0.4000068878018397
900 0.4000067847643931
910 0.4000067103919669
920 0.400006645814984
930 0.4000065882900115
940 0.4000065365369825
950 0.4000064928110814
960 0.4000064899733253
