# Wing spanwise normalized_lift raw data
# series 1: series_1
# normalized_span normalized_lift
0.013631578947368422 1.199165302937541
0.053526315789473686 1.1983601050209203
0.10605263157894737 1.1956995434915818
0.15857894736842104 1.1913801687719399
0.21110526315789474 1.1850806427234766
0.26363157894736844 1.1766128978176702
0.3161578947368421 1.166282131536535
0.3686842105263158 1.1536587049919071
0.4212105263157895 1.136449012764242
0.4737368421052632 1.117537880333062
0.5262631578947369 1.0944833183623799
0.5787894736842105 1.0641390018797467
0.6313157894736842 1.0289406201118116
0.6838421052631579 0.9857385404228685
0.7363684210526316 0.9293612590359718
0.7888947368421053 0.8602644141832273
0.841421052631579 0.7683528801649121
0.8939473684210526 0.6430879046503112
0.9464736842105264 0.48263981727442695
0.9863684210526316 0.18749227443731895

# series 2: Elliptical
# normalized_span normalized_lift
0.0 1.2732395447351628
0.005025125628140704 1.273223468782753
0.010050251256281407 1.27317523970761
0.01507537688442211 1.2730948538555313
0.020100502512562814 1.2729823051346416
0.02512562814070352 1.2728375850130833
0.03015075376884422 1.2726606825157807
0.035175879396984924 1.272451584220276
0.04020100502512563 1.2722102742516308
0.04522613065326633 1.2719367342763919
0.05025125628140704 1.271630943495611
0.05527638190954774 1.2712928786369198
0.06030150753768844 1.2709225139456444
0.06532663316582915 1.270519821174959
0.07035175879396985 1.270084769575065
0.07537688442211056 1.2696173258813872
0.08040201005025126 1.269117454301778
0.08542713567839195 1.2685851165027162
0.09045226130653267 1.268020271594487
0.09547738693467336 1.2674228761153343
0.10050251256281408 1.2667928840145646
0.10552763819095477 1.266130246634592
0.11055276381909548 1.2654349126919053
0.11557788944723618 1.2647068282569405
0.12060301507537688 1.2639459367328385
0.12562814070351758 1.2631521788330724
0.1306532663316583 1.2623254925579164
0.135678391959799 1.2614658131697414
0.1407035175879397 1.2605730731671092
0.1457286432160804 1.2596472022576426
0.15075376884422112 1.2586881273296435
0.15577889447236182 1.2576957724224354
0.16080402010050251 1.2566700586953963
0.1658291457286432 1.2556109043956558
0.1708542713567839 1.2545182248244249
0.17587939698492464 1.253391932301919
0.18090452261306533 1.2522319361308483
0.18592964824120603 1.2510381425584314
0.19095477386934673 1.2498104547368976
0.19597989949748745 1.2485487726824345
0.20100502512562815 1.2472529932325431
0.20603015075376885 1.2459230100017522
0.21105527638190955 1.2445587133356455
0.21608040201005024 1.2431599902631563
0.22110552763819097 1.2417267244470769
0.22613065326633167 1.2402587961327285
0.23115577889447236 1.2387560820947385
0.23618090452261306 1.237218455581863
0.24120603015075376 1.2356457862597992
0.24623115577889448 1.2340379401519173
0.25125628140703515 1.2323947795778505
0.2562814070351759 1.2307161630898706
0.2613065326633166 1.2290019454069756
0.2663316582914573 1.2272519773466128
0.271356783919598 1.225466105753959
0.2763819095477387 1.2236441734286725
0.2814070351758794 1.221786019049026
0.2864321608040201 1.2198914770933345
0.2914572864321608 1.2179603777585752
0.2964824120603015 1.215992546876101
0.30150753768844224 1.2139878058243443
0.3065326633165829 1.2119459714383918
0.31155778894472363 1.2098668559163241
0.3165829145728643 1.2077502667221887
0.32160804020100503 1.205596006485484
0.32663316582914576 1.2034038728970167
0.3316582914572864 1.2011736586009927
0.33668341708542715 1.198905151083192
0.3417085427135678 1.1965981325550745
0.34673366834170855 1.194252379833649
0.35175879396984927 1.1918676642169381
0.35678391959798994 1.189443751354854
0.36180904522613067 1.1869804011153
0.36683417085427134 1.184477367445293
0.37185929648241206 1.1819343982269015
0.3768844221105528 1.1793512351277742
0.38190954773869346 1.1767276134460294
0.3869346733668342 1.174063261949258
0.3919597989949749 1.1713579027073828
0.3969849246231156 1.1686112509191018
0.4020100502512563 1.1658230147316273
0.40703517587939697 1.1629928950534199
0.4120603015075377 1.1601205853595962
0.4170854271356784 1.1572057714896744
0.4221105527638191 1.1542481314372985
0.4271356783919598 1.1512473351315695
0.4321608040201005 1.1482030442095807
0.4371859296482412 1.1451149117797388
0.44221105527638194 1.1419825821754257
0.4472361809045226 1.1388056906985269
0.45226130653266333 1.1355838633523319
0.457286432160804 1.1323167165632717
0.4623115577889447 1.1290038568909375
0.46733668341708545 1.1256448807257817
0.4723618090452261 1.1222393739738725
0.47738693467336685 1.1187869117280291
0.4824120603015075 1.1152870579246297
0.48743718592964824 1.1117393649853247
0.49246231155778897 1.1081433734428652
0.49748743718592964 1.1044986115501711
0.5025125628140703 1.1008045948717429
0.507537688442211 1.097060825856429
0.5125628140703518 1.0932667933905247
0.5175879396984925 1.0894219723300855
0.5226130653266332 1.0855258230112768
0.5276381909547738 1.0815777907374986
0.5326633165829145 1.0775773052419348
0.5376884422110553 1.07352378012408
0.542713567839196 1.0694166122587028
0.5477386934673367 1.0652551811755857
0.5527638190954774 1.0610388484082673
0.5577889447236181 1.056766956809881
0.5628140703517588 1.0524388298340452
0.5678391959798995 1.0480537707786057
0.5728643216080402 1.0436110619898664
0.577889447236181 1.039109964024762
0.5829145728643216 1.0345497147682323
0.5879396984924623 1.0299295285028396
0.592964824120603 1.0252485949274424
0.5979899497487438 1.0205060781214734
0.6030150753768845 1.0157011154511004
0.6080402010050251 1.0108328164132343
0.6130653266331658 1.0059002614130166
0.6180904522613065 1.0009025004700518
0.6231155778894473 0.9958385518482358
0.628140703517588 0.9907074006036006
0.6331658291457286 0.9855079970440921
0.6381909547738693 0.9802392550946608
0.6432160804020101 0.974900050560454
0.6482412060301508 0.9694892192802241
0.6532663316582915 0.9640055551613506
0.6582914572864321 0.9584478080870507
0.6633165829145728 0.9528146816854591
0.6683417085427136 0.9471048309492546
0.6733668341708543 0.9413168596933937
0.678391959798995 0.9354493178372684
0.6834170854271356 0.9295006984962155
0.6884422110552764 0.9234694348657441
0.6934673366834171 0.9173538968801099
0.6984924623115578 0.9111523876248981
0.7035175879396985 0.9048631394810736
0.7085427135678392 0.8984843099754719
0.7135678391959799 0.8920139773098945
0.7185929648241206 0.8854501355377937
0.7236180904522613 0.8787906893539211
0.7286432160804021 0.8720334484582258
0.7336683417085427 0.865176121450606
0.7386934673366834 0.8582163092077919
0.7437185929648241 0.8511514976875372
0.7487437185929648 0.8439790500982792
0.7537688442211056 0.8366961983643839
0.7587939698492463 0.8293000338077854
0.7638190954773869 0.8217874969560793
0.7688442211055276 0.8141553663746527
0.7738693467336684 0.8064002464059111
0.7788944723618091 0.7985185536817203
0.7839195979899498 0.7905065022553205
0.7889447236180904 0.7823600871756552
0.7939698492462312 0.774075066299528
0.7989949748743719 0.7656469401044463
0.8040201005025126 0.7570709292262825
0.8090452261306533 0.7483419493997079
0.8140703517587939 0.7394545834239761
0.8190954773869347 0.7304030497099936
0.8241206030150754 0.7211811668839914
0.8291457286432161 0.7117823138251007
0.8341708542713568 0.7021993843943724
0.8391959798994975 0.6924247359655921
0.8442211055276382 0.6824501306863138
0.8492462311557789 0.6722666681712519
0.8542713567839196 0.6618647080468547
0.8592964824120604 0.6512337804086815
0.864321608040201 0.6403624817994731
0.8693467336683417 0.6292383537348472
0.8743718592964824 0.6178477400533754
0.8793969849246231 0.6061756183902061
0.8844221105527639 0.5942053997869733
0.8894472361809045 0.5819186887399371
0.8944723618090452 0.5692949936870878
0.8994974874371859 0.5563113748011246
0.9045226130653267 0.542942011629802
0.9095477386934674 0.5291576670668936
0.914572864321608 0.5149250155142027
0.9195979899497487 0.5002057906027163
0.9246231155778895 0.48495568938433736
0.9296482412060302 0.46912294203497434
0.9346733668341709 0.45264641298084385
0.9396984924623115 0.43545303074942826
0.9447236180904522 0.4174542312120726
0.949748743718593 0.39854090717067575
0.9547738693467337 0.3785760169154283
0.9597989949748744 0.357383369565847
0.964824120603015 0.33472984848156256
0.9698492462311558 0.31029565973487794
0.9748743718592965 0.2836209579697512
0.9798994974874372 0.25400083762188264
0.9849246231155779 0.22025015230214792
0.9899497487437187 0.180060989748428
0.9949748743718593 0.1274830060549662
1.0 0.0
