# Wing pressure-profile raw data at span_10%
# ordered_surface_path: true
# do_not_sort_by: x_over_c
# row_order: use rows exactly as written for plotting and overlays
# profile 1: profile_1
# point_order x_over_c z_over_c cp
0 0.9912723898887634 -0.0003410774515941739 0.2184118466039266
1 0.9913141131401062 -1.233475277473417e-08 0.2214298932008037
2 0.9912724494934082 0.0003410527715459466 0.22071515710486847
3 0.9911537170410156 0.0006534330314025283 0.2155467829042959
4 0.9909674525260925 0.0009262160747312009 0.20245389462635952
5 0.9907231330871582 0.0011484897695481777 0.1858546383435355
6 0.9904301762580872 0.0013093416346237063 0.17886270800778578
7 0.9900981783866882 0.0013978594215586782 0.18598436784040046
8 0.987450897693634 0.0017674369737505913 0.19068645017016597
9 0.9841899275779724 0.0022210790775716305 0.18521211017510059
10 0.9801785349845886 0.002776697976514697 0.1768017224160822
11 0.9752522110939026 0.0034554062876850367 0.16615044117819844
12 0.9692147374153137 0.004281776025891304 0.15349569591797574
13 0.9618341326713562 0.005283948499709368 0.13867838442227787
14 0.9528393745422363 0.006493481807410717 0.12155286697292622
15 0.9419185519218445 0.007944812998175621 0.10199308566258976
16 0.9287195801734924 0.009674156084656715 0.07994151892190383
17 0.9128550291061401 0.011717678047716618 0.05542631560396181
18 0.8939126133918762 0.014108819887042046 0.028529474541687725
19 0.8714734315872192 0.016874738037586212 -0.0006682292951723006
20 0.8451402187347412 0.020031582564115524 -0.0320762300314484
21 0.8145748972892761 0.02357734553515911 -0.0656419015504878
22 0.7795469164848328 0.027487168088555336 -0.10143745177979081
23 0.7399864792823792 0.031706396490335464 -0.13972111584990937
24 0.6960368156433105 0.036145828664302826 -0.18099957311652357
25 0.648094892501831 0.04067801684141159 -0.2257415631767964
26 0.5968285202980042 0.04513842239975929 -0.27435096087945837
27 0.5431601405143738 0.04933164268732071 -0.32721573085192635
28 0.48821303248405457 0.05304533243179321 -0.3845757502770827
29 0.4332238435745239 0.056071050465106964 -0.4463930793964104
30 0.37943553924560547 0.05822977051138878 -0.5123140217514756
31 0.32798922061920166 0.05939589813351631 -0.5817033923529114
32 0.279834508895874 0.05951418727636337 -0.6538317687466467
33 0.23567147552967072 0.058606673032045364 -0.7279476989414074
34 0.19593070447444916 0.056758929044008255 -0.803473519517191
35 0.1607859879732132 0.05410963296890259 -0.8802831725666664
36 0.13019302487373352 0.05082147940993309 -0.9585357603029699
37 0.10394053161144257 0.04706130549311638 -1.0389925256227996
38 0.08170341700315475 0.042985428124666214 -1.1227953328712028
39 0.06309392303228378 0.038723088800907135 -1.2107494840192845
40 0.04770231992006302 0.03437453880906105 -1.303178078946029
41 0.03512714430689812 0.03001260757446289 -1.3986271681960065
42 0.024997014552354813 0.025686029344797134 -1.489390085337532
43 0.016986988484859467 0.021423904225230217 -1.557277775819597
44 0.010814210399985313 0.01725858263671398 -1.5620275888133035
45 0.006257550325244665 0.013218089006841183 -1.447722439580323
46 0.003110293298959732 0.009370195679366589 -1.1699348708971213
47 0.0011924037244170904 0.005809553898870945 -0.7513014561034548
48 0.0002443501725792885 0.0026595103554427624 -0.278537796811298
49 0.0 0.0 0.17389504736840047
50 0.00024110219965223223 -0.0026599939446896315 0.5746698506691106
51 0.0011831847950816154 -0.005812034476548433 0.8717430553107831
52 0.003092770231887698 -0.009377074427902699 1.009400737842633
53 0.0062349834479391575 -0.013229068368673325 1.003610641147651
54 0.010790049098432064 -0.017272403463721275 0.9017913440563332
55 0.016961412504315376 -0.021439410746097565 0.7565983359377143
56 0.024971943348646164 -0.02570151910185814 0.6090408241592551
57 0.03510298952460289 -0.03002689778804779 0.4746790051656818
58 0.047678787261247635 -0.03438771516084671 0.35715020032192507
59 0.06307142972946167 -0.03873395547270775 0.2561533392862039
60 0.08168205618858337 -0.042993176728487015 0.17057470656656448
61 0.10392016172409058 -0.04706602171063423 0.0989689197498228
62 0.13017404079437256 -0.05082167312502861 0.040256531513008204
63 0.16076809167861938 -0.05410632863640785 -0.006364088525450481
64 0.1959133744239807 -0.05675562843680382 -0.041787584348650236
65 0.23565518856048584 -0.058602213859558105 -0.06680579543273846
66 0.2798191010951996 -0.05951226130127907 -0.0824161702677617
67 0.327974796295166 -0.05939474701881409 -0.08990009360105587
68 0.37942227721214294 -0.058228954672813416 -0.09064297855008442
69 0.4332117438316345 -0.056070875376462936 -0.08621993702489633
70 0.48820212483406067 -0.053045593202114105 -0.07810082870223509
71 0.5431504249572754 -0.04933208227157593 -0.06752542698138554
72 0.5968199372291565 -0.04513902962207794 -0.055455688320233114
73 0.6480874419212341 -0.04067870229482651 -0.04254882724534835
74 0.6960303783416748 -0.03614645078778267 -0.029187912931436254
75 0.7399809956550598 -0.031706951558589935 -0.015614046424557161
76 0.7795422673225403 -0.02748768962919712 -0.0019202413262368854
77 0.814570963382721 -0.023577801883220673 0.011943680753821392
78 0.8451368808746338 -0.02003197744488716 0.025956914141592163
79 0.8714706897735596 -0.01687508448958397 0.04002522137237164
80 0.8939103484153748 -0.014109116978943348 0.053991947959379505
81 0.9128531813621521 -0.01171792671084404 0.0677016632790134
82 0.928718090057373 -0.009674361906945705 0.08102341397123042
83 0.9419173002243042 -0.007944981567561626 0.09377606828569081
84 0.9528383612632751 -0.0064936187118291855 0.10577849447205483
85 0.9618332982063293 -0.005284058395773172 0.11684099373773692
86 0.9692140817642212 -0.004281864035874605 0.12681670250138055
87 0.9752516746520996 -0.0034554756712168455 0.13531153681967897
88 0.9801781177520752 -0.0027767526917159557 0.14196445705513067
89 0.9841896295547485 -0.002221121685579419 0.14536557282671275
90 0.9874506592750549 -0.0017674696864560246 0.14186042868500312
91 0.9900979995727539 -0.0013978842180222273 0.1078480471060042
92 0.9904299974441528 -0.0013093663146719337 0.07363617582899598
93 0.9907229542732239 -0.001148514449596405 0.09450671460293965
94 0.990967333316803 -0.0009262407547794282 0.15337453346335658
95 0.9911535978317261 -0.0006534577114507556 0.20149438589483007
96 0.9912723898887634 -0.0003410774515941739 0.2184118466039266
