# iter CD
0 1.001536113477187
10 0.004654987683185785
20 0.002558224661060184
30 0.02225926468987276
40 0.02187295307715272
50 0.02038617507721173
60 0.01976370178021904
70 0.01933570957091478
80 0.01913964627622172
90 0.0191387462102995
100 0.01930160303187944
110 0.01954776192350993
120 0.01976006953855399
130 0.01987215984479106
140 0.01990821314277671
150 0.01992132885510953
160 0.01993396921552696
170 0.01994749492455712
180 0.01995661158212698
190 0.01996041781791034
200 0.01996156195827019
210 0.01996285247949874
220 0.01996527592054438
230 0.01996840274918513
240 0.01997124254128291
250 0.01997371112765817
260 0.01997558504936444
270 0.01997703116842606
280 0.01997812973561969
290 0.01997895411349342
300 0.01997956372783957
310 0.01998000413517897
320 0.01998032709753959
330 0.01998057198361554
340 0.01998076579151551
350 0.01998091907756903
360 0.01998104466376112
370 0.01998114510084059
380 0.01998122637086031
390 0.01998129128043576
400 0.01998134359796132
410 0.01998138424628425
420 0.01998141627042302
430 0.01998144162389436
440 0.01998146106582888
450 0.01998146699825316
460 0.02005247097429431
470 0.02005771394500869
480 0.02007243829716501
490 0.02005002469282177
500 0.0200158835539427
510 0.02001119547279593
520 0.02001712218702437
530 0.02002007712561189
540 0.02001891922107969
550 0.0200171265109095
560 0.0200165326750272
570 0.02001722367332311
580 0.02001824774860663
590 0.02001900677374741
600 0.02001933494392587
610 0.02001941287423124
620 0.02001942728830965
630 0.02001944085014007
640 0.0200194464195111
650 0.02001943711036153
660 0.020019420960397
670 0.0200194179570054
680 0.02000180174658725
690 0.0200005782631351
700 0.01999688525382087
710 0.02000235018356422
720 0.02001090097113293
730 0.02001208037419695
740 0.02001055121953284
750 0.02000985409739721
760 0.0200101537277479
770 0.02001061017162131
780 0.02001076302232089
790 0.02001060085602237
800 0.02001033874679871
810 0.020010148734604
820 0.02001006728166711
830 0.02001004832274895
840 0.0200100456475422
850 0.02001002523533909
860 0.02001003937803967
870 0.02001003988952191
880 0.02001004262294119
890 0.02001004684580818
900 0.02001005160534
910 0.02001005152620801
920 0.02001005206965169
930 0.02001004944340754
940 0.02001004893828127
950 0.02001004645859988
960 0.02001004713982717
