# iter U0 (Velocity X) U1 (Velocity Y) U2 (Velocity Z) he (Energy) p (Pressure) nuTilda (Turbulence)
0 0.9999996386696144 1.0 0.9999998424117792 0.9999995622967529 0.9999999999545603 0.9999999999800978
10 0.005301087206324356 0.0722254090638232 0.008467248524020633 0.007336409645671675 0.285351436342112 0.0004140564336736564
20 0.002388608855467756 0.03693480357765123 0.01012985587034664 0.02660756797854297 0.2861017471955866 0.0002246317904321612
30 0.001007550300184835 0.007662096693827316 0.005913181775428105 0.02212873807856476 0.13581458535009 0.0001657000105326993
40 0.0004528442318030926 0.001930804310406966 0.003072821814764113 0.005396269257287319 0.06482796204587915 0.0001558003909278525
50 0.0001843344671934051 0.0007889080615432198 0.001675434072064199 0.002643196661739193 0.02168402798940637 0.0001378382028039888
60 9.178845904058532e-05 0.0004150375577471377 0.0007634275339809617 0.002164668457654217 0.007032445341656532 0.0001109686385435232
70 4.909693586006907e-05 0.0001896503505312762 0.0003732705706156009 0.002336321486613731 0.002971063126425595 9.007468844108817e-05
80 2.75606242249122e-05 0.0001100251089551437 0.0002422370425986594 0.001325511695702773 0.001446902093921885 7.294668214283641e-05
90 1.923561864087658e-05 6.262717178043701e-05 0.0001470536715927907 0.0004652120126628627 0.0006836104788238185 5.242694866319923e-05
100 1.864905936334136e-05 5.726089870451893e-05 0.0001710002715225317 0.000235950237158573 0.0003453063049809175 3.324150961384514e-05
110 2.197632395421678e-05 9.329143069471672e-05 0.0002577655641195567 0.0001642725911477376 0.000228046462494425 2.499333676269292e-05
120 2.382913604045183e-05 0.0001369869748315673 0.0003244533466783836 0.000136829137155934 0.0001913982216637423 2.352170993756652e-05
130 2.176105636644383e-05 0.0001551676535546989 0.0003181431795435605 0.0001160582027904724 0.0001873047879640722 1.847650273708192e-05
140 1.866482870098971e-05 0.0001356355407268767 0.0002480768134298449 0.0001010918391582669 0.0001600078774811417 1.146888046877671e-05
150 1.483205782470152e-05 9.866247226930214e-05 0.0001705629605583943 0.0001087108320750422 0.0001190832425452704 6.594837138900947e-06
160 1.037940444581736e-05 6.742593975419182e-05 0.0001194194136221182 8.278171563593786e-05 9.224404350577934e-05 4.092448304260381e-06
170 7.189881250504853e-06 4.901156921729332e-05 9.122686790106021e-05 4.619091064497612e-05 7.351784818867909e-05 2.732115038408468e-06
180 5.375271235791664e-06 3.790005671159394e-05 7.1138636311156e-05 2.529664427122341e-05 5.788528526938284e-05 1.685263945204799e-06
190 4.193890167559096e-06 2.917557333550642e-05 5.331737610005259e-05 2.029709902707558e-05 4.421412046126313e-05 9.488030736006082e-07
200 3.193881653958006e-06 2.15073556930594e-05 3.831507878055446e-05 1.726621167725892e-05 3.272144469258093e-05 5.591599852677128e-07
210 2.337468429150067e-06 1.545279172449414e-05 2.758237945749425e-05 1.356052001397751e-05 2.389631213144473e-05 4.490712027163175e-07
220 1.694813309744274e-06 1.137294321016854e-05 2.08624465524075e-05 9.684832261995917e-06 1.758281089498921e-05 4.268247081279483e-07
230 1.274811010170261e-06 8.876770613965668e-06 1.671520471184122e-05 6.567898601023864e-06 1.30297301392201e-05 3.949306441485096e-07
240 1.01298228957028e-06 7.234780034260358e-06 1.373712498949421e-05 4.758769909853376e-06 1.035876056722165e-05 3.532204935536901e-07
250 8.306421641738146e-07 5.986936321092339e-06 1.128914062969756e-05 3.866381723794139e-06 8.02739594529556e-06 3.075028382947703e-07
260 6.819730314259075e-07 4.894803582192362e-06 9.141688464767672e-06 3.287713804814423e-06 6.461759034455322e-06 2.566801387807576e-07
270 5.530346910990476e-07 3.94930050155671e-06 7.329662368217945e-06 2.747056281130214e-06 5.142706764192718e-06 2.066534058321512e-07
280 4.431213392519341e-07 3.155257143542887e-06 5.841052563204242e-06 2.22547686239989e-06 4.198186869188656e-06 1.626827812360224e-07
290 3.52465996800331e-07 2.507027829884221e-06 4.624785995416325e-06 1.767487449114648e-06 3.328976658996632e-06 1.25677892020339e-07
300 2.788818459179545e-07 1.980407722364131e-06 3.638290677696544e-06 1.399219699186617e-06 2.599243965996154e-06 9.535730218728348e-08
310 2.193212006310685e-07 1.550667306478262e-06 2.836873403526895e-06 1.107041209076135e-06 2.055712911812986e-06 7.141140132898649e-08
320 1.712674039769441e-07 1.207499356537387e-06 2.202793369605818e-06 8.721322098733784e-07 1.613944197922339e-06 5.33646345233912e-08
330 1.330897629046548e-07 9.355374675575208e-07 1.705748290856476e-06 6.805659110876893e-07 1.282304927857987e-06 4.028443837746146e-08
340 1.03242320598122e-07 7.273398281715041e-07 1.326538446968853e-06 5.266652371781441e-07 9.80994932288588e-07 3.094924404569344e-08
350 8.023538522192794e-08 5.654413552854687e-07 1.03292937158164e-06 4.070760434077921e-07 7.846014230782565e-07 2.421124605167166e-08
360 6.256625662761618e-08 4.426132271696679e-07 8.091924877683065e-07 3.158280491303326e-07 6.028150238374766e-07 1.919888884883712e-08
370 4.898723266500578e-08 3.468632921600267e-07 6.348040660743201e-07 2.464705493116761e-07 4.84368442323091e-07 1.535091056626363e-08
380 3.846243938938555e-08 2.731292141518914e-07 4.999458365538597e-07 1.932578218067554e-07 3.755520741216601e-07 1.231928004369135e-08
390 3.027862371707228e-08 2.152655925170417e-07 3.941947894672297e-07 1.519858373560036e-07 2.999528054861732e-07 9.891389990975489e-09
400 2.386850203141997e-08 1.698145329108416e-07 3.108406890177207e-07 1.197091977776596e-07 2.442848327387511e-07 7.926372515758314e-09
410 1.883156902407062e-08 1.340083472687378e-07 2.452545676848557e-07 9.440672210029991e-08 1.956956863015326e-07 6.330627509999346e-09
420 1.485549933557263e-08 1.057039962315576e-07 1.933202578440757e-07 7.45004022060777e-08 1.580260049189936e-07 5.038828282442237e-09
430 1.17040993387543e-08 8.273960650438095e-08 1.51148148525503e-07 5.880238476831563e-08 1.303542397784876e-07 4.00111262082622e-09
440 9.221081172448106e-09 6.555051642711542e-08 1.196890352474338e-07 4.636983352455142e-08 1.06778477903453e-07 3.175720771968145e-09
450 1.86822298214954e-05 4.586560747448934e-05 0.0007170711125716027 4.37414472569051e-05 0.0009218821642446867 1.82140533721017e-07
460 2.247730681314296e-05 6.133746372248157e-05 0.0005885613890154415 0.0001735085224258181 0.0004525901059913183 3.534204884687873e-07
470 2.033265091627428e-05 5.453458715800587e-05 0.0004376871950570127 0.0002220432008016066 0.0001532646401186929 4.679255573590958e-07
480 1.583176365638864e-05 4.101303055545349e-05 0.0002600753305197 0.0002083691805501524 8.192741463320561e-05 4.455646019362645e-07
490 1.073660368175233e-05 2.828185985942621e-05 0.0001326970325159902 0.0001552403257278352 5.043301199951145e-05 3.494237766977058e-07
500 6.396951537489072e-06 1.806630544223529e-05 6.054807315918628e-05 9.73541995484151e-05 2.982565036785754e-05 3.345157824168729e-07
510 3.20030164003257e-06 9.570018349694566e-06 2.658536536896629e-05 5.323954734174452e-05 2.118375654335051e-05 3.432964904500448e-07
520 1.38401562079278e-06 3.892010025645955e-06 1.24922472060102e-05 2.437787362466581e-05 1.501986575193631e-05 3.319006514285192e-07
530 5.895568861548972e-07 2.011821806212319e-06 6.47230863425906e-06 1.081504904741632e-05 8.768620931068156e-06 3.22269559861879e-07
540 3.216433132542614e-07 1.205046861812509e-06 3.188925659559571e-06 5.85378273736951e-06 4.901620523792752e-06 2.945446841012693e-07
550 2.012481381608568e-07 8.77786094382107e-07 2.118709078008339e-06 3.237824065500309e-06 3.32016439420991e-06 2.260708873017177e-07
560 1.216278485777591e-07 5.54205898309294e-07 1.275686464368369e-06 1.694431220421863e-06 2.188349412618167e-06 1.50574489379485e-07
570 1.02569327579815e-07 2.667333442302342e-07 8.345912016389177e-07 9.763248755429784e-07 1.275292508097076e-06 1.038343621955106e-07
580 8.895370760723885e-08 3.494477995695491e-07 9.64589379546931e-07 8.332624658463462e-07 9.341120161208044e-07 8.768536925590911e-08
590 6.473560614587025e-08 4.120883539830622e-07 8.572980552698137e-07 5.676020111841084e-07 6.931178215266516e-07 6.330546074492352e-08
600 4.931792545658783e-08 3.352695587198768e-07 5.99928984063776e-07 3.934852189477242e-07 4.459657610796619e-07 3.339418940631704e-08
610 3.588303960057441e-08 2.211083563535653e-07 3.803113013312911e-07 3.142977501195811e-07 3.201342141618541e-07 1.541116765976548e-08
620 2.312793658571987e-08 1.421780931108986e-07 2.561222176449194e-07 1.93631169420826e-07 2.492685394085261e-07 7.97177029269625e-09
630 1.507201320405349e-08 9.938396416372813e-08 1.854714227204924e-07 9.997713331151659e-08 1.882701397892032e-07 5.064995275815522e-09
640 1.068493925374309e-08 7.141959126533434e-08 1.291815652838475e-07 5.897073205956287e-08 1.419272739318719e-07 3.106025360829264e-09
650 7.57117468774045e-09 4.790842989952827e-08 8.180939265841836e-08 4.423649988889425e-08 1.054778539293364e-07 1.930596663083633e-09
660 3.244574856848622e-06 7.429215246389442e-06 0.0002158598446218572 6.457772955149813e-06 0.0002482449012040415 5.653422421253481e-08
670 5.500060153389166e-06 1.538936067171023e-05 0.0001482057334935416 4.548299976757057e-05 0.000106495031091032 6.056005252270023e-08
680 5.085729286810443e-06 1.372642491097099e-05 0.0001103081917158277 5.645410219358234e-05 3.623915948567572e-05 8.7775660624914e-08
690 3.982016638290577e-06 1.031424345503058e-05 6.534256312290773e-05 5.255893669617183e-05 1.905062145146015e-05 8.843242474652755e-08
700 2.70318703543176e-06 7.104447840513238e-06 3.331292077493141e-05 3.917874939813529e-05 1.189258117806761e-05 7.391394754022819e-08
710 1.611672497917042e-06 4.551002699573821e-06 1.525336735155211e-05 2.451459409658708e-05 6.894452334910988e-06 7.658528737322388e-08
720 8.021949722086521e-07 2.386959047488419e-06 6.647087309139785e-06 1.335427711061429e-05 5.110823193433545e-06 8.22648800378125e-08
730 3.456468153354688e-07 9.706644375268337e-07 3.119646258800397e-06 6.085487415845049e-06 3.698575423687043e-06 8.274551438091535e-08
740 1.469025763934157e-07 5.038759630303006e-07 1.618303290648034e-06 2.697681926004548e-06 2.177952024418497e-06 8.096127511979445e-08
750 8.067551180938925e-08 3.037523239931022e-07 8.025930584694116e-07 1.458682435398812e-06 1.243882085157349e-06 7.405095285090545e-08
760 5.105026464974053e-08 2.248418995117424e-07 5.387966018167683e-07 8.094754843711061e-07 8.507260042037895e-07 5.686955560869866e-08
770 3.08105447841025e-08 1.442689326192303e-07 3.261034275174483e-07 4.264340078330949e-07 5.66867257483059e-07 3.772872284992875e-08
780 2.554079725602917e-08 6.732383751259855e-08 2.072029520478616e-07 2.468167948283586e-07 3.364456590308354e-07 2.589237522685095e-08
790 2.213511546787416e-08 8.511840569708004e-08 2.375752390114069e-07 2.089517581441857e-07 2.524353715045732e-07 2.188358333146867e-08
800 1.599999064175845e-08 1.008387931600106e-07 2.107392356308589e-07 1.419397743265708e-07 1.910029847421168e-07 1.584875863656808e-08
810 1.210971039129322e-08 8.201064628806588e-08 1.468161160486572e-07 9.779555824468128e-08 1.263021171213468e-07 8.418050762191842e-09
820 9.13289223672608e-09 5.637942476579457e-08 9.684213391218719e-08 8.516004892125191e-08 1.337699956843372e-07 4.354049278135889e-09
830 6.213870866065783e-09 3.760067766734831e-08 6.689824321516441e-08 5.237484644931818e-08 9.477994947611506e-08 2.360805619544994e-09
840 3.992883345697813e-09 2.585206331417275e-08 4.840005646946404e-08 3.03900654793006e-08 7.223881816349936e-08 1.535777548552532e-09
850 2.769542203681942e-09 1.841310241728681e-08 3.387926005608415e-08 1.690825838884976e-08 5.475351364384109e-08 1.01591325096783e-09
860 1.965951221438746e-09 1.249079278420263e-08 2.168412737047515e-08 1.035625366918067e-08 4.263728774888424e-08 6.794710449111235e-10
870 1.32085689842399e-09 7.763280813588326e-09 1.299118032011908e-08 8.30872826845539e-09 3.486226708284295e-08 6.094313082064371e-10
880 8.292628323159875e-10 4.652576641391394e-09 8.20218069266638e-09 5.836703484873081e-09 2.993461565890069e-08 5.765447006315643e-10
890 5.360910073675981e-10 3.243791305870134e-09 6.373716932123121e-09 3.186330135846952e-09 2.646427920147263e-08 4.719372951333177e-10
900 4.117475272327508e-10 2.66293417294126e-09 5.560657958864023e-09 1.867963186983157e-09 2.430093536862397e-08 3.979685839538047e-10
910 3.707589007535808e-10 2.504037368398185e-09 5.209355890589076e-09 1.590370055031509e-09 2.299096081261932e-08 3.711255974431863e-10
920 3.306454325683311e-10 2.228186171089529e-09 4.558195814248617e-09 1.454974878501091e-09 2.134324462837212e-08 3.733091323327278e-10
