# Wing pressure-profile raw data at span_90%
# ordered_surface_path: true
# do_not_sort_by: x_over_c
# row_order: use rows exactly as written for plotting and overlays
# profile 1: profile_1
# point_order x_over_c z_over_c cp
0 0.9912723898887634 -0.0003410774515941739 0.21608161111306934
1 0.9913141131401062 -1.233475277473417e-08 0.2187227078511313
2 0.9912724494934082 0.0003410527715459466 0.21751842648400757
3 0.9911537170410156 0.0006534330314025283 0.2102095155851633
4 0.9909674525260925 0.0009262160747312009 0.19181607588343344
5 0.9907231330871582 0.0011484897695481777 0.1691525775537619
6 0.9904301762580872 0.0013093416346237063 0.16005070709918975
7 0.9900981783866882 0.0013978594215586782 0.1708133598862689
8 0.987450897693634 0.0017674369737505913 0.1793889691743134
9 0.9841899275779724 0.0022210790775716305 0.1749830617336169
10 0.9801785349845886 0.002776697976514697 0.16728618620735575
11 0.9752522110939026 0.0034554062876850367 0.15739125241345822
12 0.9692147374153137 0.004281776025891304 0.1457633283595534
13 0.9618341326713562 0.005283948499709368 0.13237304132937
14 0.9528393745422363 0.006493481807410717 0.11720448110159437
15 0.9419185519218445 0.007944812998175621 0.10025642381304856
16 0.9287195801734924 0.009674156084656715 0.08160230125441083
17 0.9128550291061401 0.011717678047716618 0.06139020087021569
18 0.8939126133918762 0.014108819887042046 0.03982083622165044
19 0.8714734315872192 0.016874738037586212 0.017072891332698886
20 0.8451402187347412 0.020031582564115524 -0.0066908599939688035
21 0.8145748972892761 0.02357734553515911 -0.0313908666517845
22 0.7795469164848328 0.027487168088555336 -0.05714829109536735
23 0.7399864792823792 0.031706396490335464 -0.0843572172680241
24 0.6960368156433105 0.036145828664302826 -0.11356226428395196
25 0.648094892501831 0.04067801684141159 -0.14532028988912782
26 0.5968285202980042 0.04513842239975929 -0.18026158362020692
27 0.5431601405143738 0.04933164268732071 -0.2189735998026154
28 0.48821303248405457 0.05304533243179321 -0.26186510873779567
29 0.4332238435745239 0.056071050465106964 -0.30905604901718897
30 0.37943553924560547 0.05822977051138878 -0.36031633436333665
31 0.32798922061920166 0.05939589813351631 -0.4150670774930583
32 0.279834508895874 0.05951418727636337 -0.4725629457309695
33 0.23567147552967072 0.058606673032045364 -0.5318591167036764
34 0.19593070447444916 0.056758929044008255 -0.5920205589432089
35 0.1607859879732132 0.05410963296890259 -0.6523496704381235
36 0.13019302487373352 0.05082147940993309 -0.7122479820943923
37 0.10394053161144257 0.04706130549311638 -0.771551496246167
38 0.08170341700315475 0.042985428124666214 -0.8303226299155243
39 0.06309392303228378 0.038723088800907135 -0.8881501650746656
40 0.04770231992006302 0.03437453880906105 -0.9437894328715944
41 0.03512714430689812 0.03001260757446289 -0.9938613470719321
42 0.024997014552354813 0.025686029344797134 -1.0294341542028442
43 0.016986988484859467 0.021423904225230217 -1.033613646955616
44 0.010814210399985313 0.01725858263671398 -0.973983361335323
45 0.006257550325244665 0.013218089006841183 -0.8104238385048897
46 0.003110293298959732 0.009370195679366589 -0.5197257371572694
47 0.0011924037244170904 0.005809553898870945 -0.13795508128409686
48 0.0002443501725792885 0.0026595103554427624 0.2524756304364003
49 0.0 0.0 0.5910732888434592
50 0.00024110219965223223 -0.0026599939446896315 0.8516080583068002
51 0.0011831847950816154 -0.005812034476548433 0.9999977970462799
52 0.003092770231887698 -0.009377074427902699 1.0144210245986711
53 0.0062349834479391575 -0.013229068368673325 0.9169268599783036
54 0.010790049098432064 -0.017272403463721275 0.7549889558586822
55 0.016961412504315376 -0.021439410746097565 0.5825294999980419
56 0.024971943348646164 -0.02570151910185814 0.42766674891027234
57 0.03510298952460289 -0.03002689778804779 0.2959582652865407
58 0.047678787261247635 -0.03438771516084671 0.18638824268913096
59 0.06307142972946167 -0.03873395547270775 0.09589947089947091
60 0.08168205618858337 -0.042993176728487015 0.021951209960092276
61 0.10392016172409058 -0.04706602171063423 -0.03763746431214974
62 0.13017404079437256 -0.05082167312502861 -0.08431927750950699
63 0.16076809167861938 -0.05410632863640785 -0.11912105083829735
64 0.1959133744239807 -0.05675562843680382 -0.14313202252691523
65 0.23565518856048584 -0.058602213859558105 -0.15734107402316141
66 0.2798191010951996 -0.05951226130127907 -0.16297451623136305
67 0.327974796295166 -0.05939474701881409 -0.1615340292708909
68 0.37942227721214294 -0.058228954672813416 -0.15457636710412437
69 0.4332117438316345 -0.056070875376462936 -0.14375007343179072
70 0.48820212483406067 -0.053045593202114105 -0.13048217271940443
71 0.5431504249572754 -0.04933208227157593 -0.1158459929740463
72 0.5968199372291565 -0.04513902962207794 -0.10057218051296514
73 0.6480874419212341 -0.04067870229482651 -0.08504502837404394
74 0.6960303783416748 -0.03614645078778267 -0.0694089524122833
75 0.7399809956550598 -0.031706951558589935 -0.05371902647069192
76 0.7795422673225403 -0.02748768962919712 -0.03789325171634573
77 0.814570963382721 -0.023577801883220673 -0.021777421388820356
78 0.8451368808746338 -0.02003197744488716 -0.005358072993158117
79 0.8714706897735596 -0.01687508448958397 0.011252198058267639
80 0.8939103484153748 -0.014109116978943348 0.02785879752015948
81 0.9128531813621521 -0.01171792671084404 0.04425734024179621
82 0.928718090057373 -0.009674361906945705 0.06026302288330417
83 0.9419173002243042 -0.007944981567561626 0.07565432620947056
84 0.9528383612632751 -0.0064936187118291855 0.0902134025746165
85 0.9618332982063293 -0.005284058395773172 0.10373953841755472
86 0.9692140817642212 -0.004281864035874605 0.11606506448290314
87 0.9752516746520996 -0.0034554756712168455 0.12686443316532142
88 0.9801781177520752 -0.0027767526917159557 0.13583290253349473
89 0.9841896295547485 -0.002221121685579419 0.14165359580792597
90 0.9874506592750549 -0.0017674696864560246 0.14121178120067834
91 0.9900979995727539 -0.0013978842180222273 0.113176747382891
92 0.9904299974441528 -0.0013093663146719337 0.08422626390798117
93 0.9907229542732239 -0.001148514449596405 0.10430985865848932
94 0.990967333316803 -0.0009262407547794282 0.1578771260951128
95 0.9911535978317261 -0.0006534577114507556 0.20097669177054822
96 0.9912723898887634 -0.0003410774515941739 0.21608161111306934
