# Wing spanwise twist_deg raw data
# series 1: series_1
# normalized_span twist_deg
0.001 -0.0010079369547336423
0.052 -0.0010079369547336423
0.103 -0.0010079369547336423
0.154 -0.0010079369547336423
0.205 -0.0010079369547336423
0.256 -0.0010079369547336423
0.307 -0.0010079369547336423
0.358 -0.0010079369547336423
0.409 -0.0010079369547336423
0.45999999999999996 -0.0010079369547336423
0.511 -0.0010079369547336423
0.5619999999999999 -0.0010079369547336423
0.613 -0.0010079369547336423
0.6639999999999999 -0.0010079369547336423
0.715 -0.0010079369547336423
0.7659999999999999 -0.0010079369547336423
0.817 -0.0010079369547336423
0.868 -0.0010079369547336423
0.9189999999999999 -0.0010079369547336423
0.97 -0.0010079369547336423
